# arpeggio: Cmaj7 の上行下行アルペジオ 120BPM
0 1 200 60 0.8
10800 2 200 0 0
12000 1 201 64 0.65
22800 2 201 0 0
24000 1 202 67 0.65
34800 2 202 0 0
36000 1 203 71 0.65
46800 2 203 0 0
48000 1 204 72 0.8
58800 2 204 0 0
60000 1 205 71 0.65
70800 2 205 0 0
72000 1 206 67 0.65
82800 2 206 0 0
84000 1 207 64 0.65
94800 2 207 0 0
96000 1 208 60 0.8
106800 2 208 0 0
108000 1 209 64 0.65
118800 2 209 0 0
120000 1 210 67 0.65
130800 2 210 0 0
132000 1 211 71 0.65
142800 2 211 0 0
144000 1 212 72 0.8
154800 2 212 0 0
156000 1 213 76 0.65
166800 2 213 0 0
168000 1 214 72 0.65
178800 2 214 0 0
180000 1 215 67 0.65
190800 2 215 0 0
