# マクロ1を0→1へ段階的に上げる（1つのつまみで音が開いていくのを聴く）
0 1 1 48 1.0
0 1 2 55 1.0
0 1 3 60 1.0
4800 4 0 0.0208 0
9600 4 0 0.0417 0
14400 4 0 0.0625 0
19200 4 0 0.0833 0
24000 4 0 0.1042 0
28800 4 0 0.1250 0
33600 4 0 0.1458 0
38400 4 0 0.1667 0
43200 4 0 0.1875 0
48000 4 0 0.2083 0
52800 4 0 0.2292 0
57600 4 0 0.2500 0
62400 4 0 0.2708 0
67200 4 0 0.2917 0
72000 4 0 0.3125 0
76800 4 0 0.3333 0
81600 4 0 0.3542 0
86400 4 0 0.3750 0
91200 4 0 0.3958 0
96000 4 0 0.4167 0
100800 4 0 0.4375 0
105600 4 0 0.4583 0
110400 4 0 0.4792 0
115200 4 0 0.5000 0
120000 4 0 0.5208 0
124800 4 0 0.5417 0
129600 4 0 0.5625 0
134400 4 0 0.5833 0
139200 4 0 0.6042 0
144000 4 0 0.6250 0
148800 4 0 0.6458 0
153600 4 0 0.6667 0
158400 4 0 0.6875 0
163200 4 0 0.7083 0
168000 4 0 0.7292 0
172800 4 0 0.7500 0
177600 4 0 0.7708 0
182400 4 0 0.7917 0
187200 4 0 0.8125 0
192000 4 0 0.8333 0
196800 4 0 0.8542 0
201600 4 0 0.8750 0
206400 4 0 0.8958 0
211200 4 0 0.9167 0
216000 4 0 0.9375 0
220800 4 0 0.9583 0
225600 4 0 0.9792 0
230400 4 0 1.0000 0
240000 2 1 0 0
240000 2 2 0 0
240000 2 3 0 0
