# 1,000-event ordering/coverage fixture: frame kind id a b
0 1 0 48 0.5
1 2 0 0 0
2 1 1 49 0.5
3 2 1 0 0
4 1 2 50 0.5
5 2 2 0 0
6 1 3 51 0.5
7 2 3 0 0
8 1 4 52 0.5
9 2 4 0 0
10 1 5 53 0.5
11 2 5 0 0
12 1 6 54 0.5
13 2 6 0 0
14 1 7 55 0.5
15 2 7 0 0
16 1 8 56 0.5
17 2 8 0 0
18 1 9 57 0.5
19 2 9 0 0
20 1 10 58 0.5
21 2 10 0 0
22 1 11 59 0.5
23 2 11 0 0
24 1 12 60 0.5
25 2 12 0 0
26 1 13 61 0.5
27 2 13 0 0
28 1 14 62 0.5
29 2 14 0 0
30 1 15 63 0.5
31 2 15 0 0
32 1 16 64 0.5
33 2 16 0 0
34 1 17 65 0.5
35 2 17 0 0
36 1 18 66 0.5
37 2 18 0 0
38 1 19 67 0.5
39 2 19 0 0
40 1 20 68 0.5
41 2 20 0 0
42 1 21 69 0.5
43 2 21 0 0
44 1 22 70 0.5
45 2 22 0 0
46 1 23 71 0.5
47 2 23 0 0
48 1 24 72 0.5
49 2 24 0 0
50 1 25 73 0.5
51 2 25 0 0
52 1 26 74 0.5
53 2 26 0 0
54 1 27 75 0.5
55 2 27 0 0
56 1 28 76 0.5
57 2 28 0 0
58 1 29 77 0.5
59 2 29 0 0
60 1 30 78 0.5
61 2 30 0 0
62 1 31 79 0.5
63 2 31 0 0
64 1 32 80 0.5
65 2 32 0 0
66 1 33 81 0.5
67 2 33 0 0
68 1 34 82 0.5
69 2 34 0 0
70 1 35 83 0.5
71 2 35 0 0
72 1 36 48 0.5
73 2 36 0 0
74 1 37 49 0.5
75 2 37 0 0
76 1 38 50 0.5
77 2 38 0 0
78 1 39 51 0.5
79 2 39 0 0
80 1 40 52 0.5
81 2 40 0 0
82 1 41 53 0.5
83 2 41 0 0
84 1 42 54 0.5
85 2 42 0 0
86 1 43 55 0.5
87 2 43 0 0
88 1 44 56 0.5
89 2 44 0 0
90 1 45 57 0.5
91 2 45 0 0
92 1 46 58 0.5
93 2 46 0 0
94 1 47 59 0.5
95 2 47 0 0
96 1 48 60 0.5
97 2 48 0 0
98 1 49 61 0.5
99 2 49 0 0
100 1 50 62 0.5
101 2 50 0 0
102 1 51 63 0.5
103 2 51 0 0
104 1 52 64 0.5
105 2 52 0 0
106 1 53 65 0.5
107 2 53 0 0
108 1 54 66 0.5
109 2 54 0 0
110 1 55 67 0.5
111 2 55 0 0
112 1 56 68 0.5
113 2 56 0 0
114 1 57 69 0.5
115 2 57 0 0
116 1 58 70 0.5
117 2 58 0 0
118 1 59 71 0.5
119 2 59 0 0
120 1 60 72 0.5
121 2 60 0 0
122 1 61 73 0.5
123 2 61 0 0
124 1 62 74 0.5
125 2 62 0 0
126 1 63 75 0.5
127 2 63 0 0
128 1 64 76 0.5
129 2 64 0 0
130 1 65 77 0.5
131 2 65 0 0
132 1 66 78 0.5
133 2 66 0 0
134 1 67 79 0.5
135 2 67 0 0
136 1 68 80 0.5
137 2 68 0 0
138 1 69 81 0.5
139 2 69 0 0
140 1 70 82 0.5
141 2 70 0 0
142 1 71 83 0.5
143 2 71 0 0
144 1 72 48 0.5
145 2 72 0 0
146 1 73 49 0.5
147 2 73 0 0
148 1 74 50 0.5
149 2 74 0 0
150 1 75 51 0.5
151 2 75 0 0
152 1 76 52 0.5
153 2 76 0 0
154 1 77 53 0.5
155 2 77 0 0
156 1 78 54 0.5
157 2 78 0 0
158 1 79 55 0.5
159 2 79 0 0
160 1 80 56 0.5
161 2 80 0 0
162 1 81 57 0.5
163 2 81 0 0
164 1 82 58 0.5
165 2 82 0 0
166 1 83 59 0.5
167 2 83 0 0
168 1 84 60 0.5
169 2 84 0 0
170 1 85 61 0.5
171 2 85 0 0
172 1 86 62 0.5
173 2 86 0 0
174 1 87 63 0.5
175 2 87 0 0
176 1 88 64 0.5
177 2 88 0 0
178 1 89 65 0.5
179 2 89 0 0
180 1 90 66 0.5
181 2 90 0 0
182 1 91 67 0.5
183 2 91 0 0
184 1 92 68 0.5
185 2 92 0 0
186 1 93 69 0.5
187 2 93 0 0
188 1 94 70 0.5
189 2 94 0 0
190 1 95 71 0.5
191 2 95 0 0
192 1 96 72 0.5
193 2 96 0 0
194 1 97 73 0.5
195 2 97 0 0
196 1 98 74 0.5
197 2 98 0 0
198 1 99 75 0.5
199 2 99 0 0
200 1 100 76 0.5
201 2 100 0 0
202 1 101 77 0.5
203 2 101 0 0
204 1 102 78 0.5
205 2 102 0 0
206 1 103 79 0.5
207 2 103 0 0
208 1 104 80 0.5
209 2 104 0 0
210 1 105 81 0.5
211 2 105 0 0
212 1 106 82 0.5
213 2 106 0 0
214 1 107 83 0.5
215 2 107 0 0
216 1 108 48 0.5
217 2 108 0 0
218 1 109 49 0.5
219 2 109 0 0
220 1 110 50 0.5
221 2 110 0 0
222 1 111 51 0.5
223 2 111 0 0
224 1 112 52 0.5
225 2 112 0 0
226 1 113 53 0.5
227 2 113 0 0
228 1 114 54 0.5
229 2 114 0 0
230 1 115 55 0.5
231 2 115 0 0
232 1 116 56 0.5
233 2 116 0 0
234 1 117 57 0.5
235 2 117 0 0
236 1 118 58 0.5
237 2 118 0 0
238 1 119 59 0.5
239 2 119 0 0
240 1 120 60 0.5
241 2 120 0 0
242 1 121 61 0.5
243 2 121 0 0
244 1 122 62 0.5
245 2 122 0 0
246 1 123 63 0.5
247 2 123 0 0
248 1 124 64 0.5
249 2 124 0 0
250 1 125 65 0.5
251 2 125 0 0
252 1 126 66 0.5
253 2 126 0 0
254 1 127 67 0.5
255 2 127 0 0
256 1 128 68 0.5
257 2 128 0 0
258 1 129 69 0.5
259 2 129 0 0
260 1 130 70 0.5
261 2 130 0 0
262 1 131 71 0.5
263 2 131 0 0
264 1 132 72 0.5
265 2 132 0 0
266 1 133 73 0.5
267 2 133 0 0
268 1 134 74 0.5
269 2 134 0 0
270 1 135 75 0.5
271 2 135 0 0
272 1 136 76 0.5
273 2 136 0 0
274 1 137 77 0.5
275 2 137 0 0
276 1 138 78 0.5
277 2 138 0 0
278 1 139 79 0.5
279 2 139 0 0
280 1 140 80 0.5
281 2 140 0 0
282 1 141 81 0.5
283 2 141 0 0
284 1 142 82 0.5
285 2 142 0 0
286 1 143 83 0.5
287 2 143 0 0
288 1 144 48 0.5
289 2 144 0 0
290 1 145 49 0.5
291 2 145 0 0
292 1 146 50 0.5
293 2 146 0 0
294 1 147 51 0.5
295 2 147 0 0
296 1 148 52 0.5
297 2 148 0 0
298 1 149 53 0.5
299 2 149 0 0
300 1 150 54 0.5
301 2 150 0 0
302 1 151 55 0.5
303 2 151 0 0
304 1 152 56 0.5
305 2 152 0 0
306 1 153 57 0.5
307 2 153 0 0
308 1 154 58 0.5
309 2 154 0 0
310 1 155 59 0.5
311 2 155 0 0
312 1 156 60 0.5
313 2 156 0 0
314 1 157 61 0.5
315 2 157 0 0
316 1 158 62 0.5
317 2 158 0 0
318 1 159 63 0.5
319 2 159 0 0
320 1 160 64 0.5
321 2 160 0 0
322 1 161 65 0.5
323 2 161 0 0
324 1 162 66 0.5
325 2 162 0 0
326 1 163 67 0.5
327 2 163 0 0
328 1 164 68 0.5
329 2 164 0 0
330 1 165 69 0.5
331 2 165 0 0
332 1 166 70 0.5
333 2 166 0 0
334 1 167 71 0.5
335 2 167 0 0
336 1 168 72 0.5
337 2 168 0 0
338 1 169 73 0.5
339 2 169 0 0
340 1 170 74 0.5
341 2 170 0 0
342 1 171 75 0.5
343 2 171 0 0
344 1 172 76 0.5
345 2 172 0 0
346 1 173 77 0.5
347 2 173 0 0
348 1 174 78 0.5
349 2 174 0 0
350 1 175 79 0.5
351 2 175 0 0
352 1 176 80 0.5
353 2 176 0 0
354 1 177 81 0.5
355 2 177 0 0
356 1 178 82 0.5
357 2 178 0 0
358 1 179 83 0.5
359 2 179 0 0
360 1 180 48 0.5
361 2 180 0 0
362 1 181 49 0.5
363 2 181 0 0
364 1 182 50 0.5
365 2 182 0 0
366 1 183 51 0.5
367 2 183 0 0
368 1 184 52 0.5
369 2 184 0 0
370 1 185 53 0.5
371 2 185 0 0
372 1 186 54 0.5
373 2 186 0 0
374 1 187 55 0.5
375 2 187 0 0
376 1 188 56 0.5
377 2 188 0 0
378 1 189 57 0.5
379 2 189 0 0
380 1 190 58 0.5
381 2 190 0 0
382 1 191 59 0.5
383 2 191 0 0
384 1 192 60 0.5
385 2 192 0 0
386 1 193 61 0.5
387 2 193 0 0
388 1 194 62 0.5
389 2 194 0 0
390 1 195 63 0.5
391 2 195 0 0
392 1 196 64 0.5
393 2 196 0 0
394 1 197 65 0.5
395 2 197 0 0
396 1 198 66 0.5
397 2 198 0 0
398 1 199 67 0.5
399 2 199 0 0
400 1 200 68 0.5
401 2 200 0 0
402 1 201 69 0.5
403 2 201 0 0
404 1 202 70 0.5
405 2 202 0 0
406 1 203 71 0.5
407 2 203 0 0
408 1 204 72 0.5
409 2 204 0 0
410 1 205 73 0.5
411 2 205 0 0
412 1 206 74 0.5
413 2 206 0 0
414 1 207 75 0.5
415 2 207 0 0
416 1 208 76 0.5
417 2 208 0 0
418 1 209 77 0.5
419 2 209 0 0
420 1 210 78 0.5
421 2 210 0 0
422 1 211 79 0.5
423 2 211 0 0
424 1 212 80 0.5
425 2 212 0 0
426 1 213 81 0.5
427 2 213 0 0
428 1 214 82 0.5
429 2 214 0 0
430 1 215 83 0.5
431 2 215 0 0
432 1 216 48 0.5
433 2 216 0 0
434 1 217 49 0.5
435 2 217 0 0
436 1 218 50 0.5
437 2 218 0 0
438 1 219 51 0.5
439 2 219 0 0
440 1 220 52 0.5
441 2 220 0 0
442 1 221 53 0.5
443 2 221 0 0
444 1 222 54 0.5
445 2 222 0 0
446 1 223 55 0.5
447 2 223 0 0
448 1 224 56 0.5
449 2 224 0 0
450 1 225 57 0.5
451 2 225 0 0
452 1 226 58 0.5
453 2 226 0 0
454 1 227 59 0.5
455 2 227 0 0
456 1 228 60 0.5
457 2 228 0 0
458 1 229 61 0.5
459 2 229 0 0
460 1 230 62 0.5
461 2 230 0 0
462 1 231 63 0.5
463 2 231 0 0
464 1 232 64 0.5
465 2 232 0 0
466 1 233 65 0.5
467 2 233 0 0
468 1 234 66 0.5
469 2 234 0 0
470 1 235 67 0.5
471 2 235 0 0
472 1 236 68 0.5
473 2 236 0 0
474 1 237 69 0.5
475 2 237 0 0
476 1 238 70 0.5
477 2 238 0 0
478 1 239 71 0.5
479 2 239 0 0
480 1 240 72 0.5
481 2 240 0 0
482 1 241 73 0.5
483 2 241 0 0
484 1 242 74 0.5
485 2 242 0 0
486 1 243 75 0.5
487 2 243 0 0
488 1 244 76 0.5
489 2 244 0 0
490 1 245 77 0.5
491 2 245 0 0
492 1 246 78 0.5
493 2 246 0 0
494 1 247 79 0.5
495 2 247 0 0
496 1 248 80 0.5
497 2 248 0 0
498 1 249 81 0.5
499 2 249 0 0
500 1 250 82 0.5
501 2 250 0 0
502 1 251 83 0.5
503 2 251 0 0
504 1 252 48 0.5
505 2 252 0 0
506 1 253 49 0.5
507 2 253 0 0
508 1 254 50 0.5
509 2 254 0 0
510 1 255 51 0.5
511 2 255 0 0
512 1 256 52 0.5
513 2 256 0 0
514 1 257 53 0.5
515 2 257 0 0
516 1 258 54 0.5
517 2 258 0 0
518 1 259 55 0.5
519 2 259 0 0
520 1 260 56 0.5
521 2 260 0 0
522 1 261 57 0.5
523 2 261 0 0
524 1 262 58 0.5
525 2 262 0 0
526 1 263 59 0.5
527 2 263 0 0
528 1 264 60 0.5
529 2 264 0 0
530 1 265 61 0.5
531 2 265 0 0
532 1 266 62 0.5
533 2 266 0 0
534 1 267 63 0.5
535 2 267 0 0
536 1 268 64 0.5
537 2 268 0 0
538 1 269 65 0.5
539 2 269 0 0
540 1 270 66 0.5
541 2 270 0 0
542 1 271 67 0.5
543 2 271 0 0
544 1 272 68 0.5
545 2 272 0 0
546 1 273 69 0.5
547 2 273 0 0
548 1 274 70 0.5
549 2 274 0 0
550 1 275 71 0.5
551 2 275 0 0
552 1 276 72 0.5
553 2 276 0 0
554 1 277 73 0.5
555 2 277 0 0
556 1 278 74 0.5
557 2 278 0 0
558 1 279 75 0.5
559 2 279 0 0
560 1 280 76 0.5
561 2 280 0 0
562 1 281 77 0.5
563 2 281 0 0
564 1 282 78 0.5
565 2 282 0 0
566 1 283 79 0.5
567 2 283 0 0
568 1 284 80 0.5
569 2 284 0 0
570 1 285 81 0.5
571 2 285 0 0
572 1 286 82 0.5
573 2 286 0 0
574 1 287 83 0.5
575 2 287 0 0
576 1 288 48 0.5
577 2 288 0 0
578 1 289 49 0.5
579 2 289 0 0
580 1 290 50 0.5
581 2 290 0 0
582 1 291 51 0.5
583 2 291 0 0
584 1 292 52 0.5
585 2 292 0 0
586 1 293 53 0.5
587 2 293 0 0
588 1 294 54 0.5
589 2 294 0 0
590 1 295 55 0.5
591 2 295 0 0
592 1 296 56 0.5
593 2 296 0 0
594 1 297 57 0.5
595 2 297 0 0
596 1 298 58 0.5
597 2 298 0 0
598 1 299 59 0.5
599 2 299 0 0
600 1 300 60 0.5
601 2 300 0 0
602 1 301 61 0.5
603 2 301 0 0
604 1 302 62 0.5
605 2 302 0 0
606 1 303 63 0.5
607 2 303 0 0
608 1 304 64 0.5
609 2 304 0 0
610 1 305 65 0.5
611 2 305 0 0
612 1 306 66 0.5
613 2 306 0 0
614 1 307 67 0.5
615 2 307 0 0
616 1 308 68 0.5
617 2 308 0 0
618 1 309 69 0.5
619 2 309 0 0
620 1 310 70 0.5
621 2 310 0 0
622 1 311 71 0.5
623 2 311 0 0
624 1 312 72 0.5
625 2 312 0 0
626 1 313 73 0.5
627 2 313 0 0
628 1 314 74 0.5
629 2 314 0 0
630 1 315 75 0.5
631 2 315 0 0
632 1 316 76 0.5
633 2 316 0 0
634 1 317 77 0.5
635 2 317 0 0
636 1 318 78 0.5
637 2 318 0 0
638 1 319 79 0.5
639 2 319 0 0
640 1 320 80 0.5
641 2 320 0 0
642 1 321 81 0.5
643 2 321 0 0
644 1 322 82 0.5
645 2 322 0 0
646 1 323 83 0.5
647 2 323 0 0
648 1 324 48 0.5
649 2 324 0 0
650 1 325 49 0.5
651 2 325 0 0
652 1 326 50 0.5
653 2 326 0 0
654 1 327 51 0.5
655 2 327 0 0
656 1 328 52 0.5
657 2 328 0 0
658 1 329 53 0.5
659 2 329 0 0
660 1 330 54 0.5
661 2 330 0 0
662 1 331 55 0.5
663 2 331 0 0
664 1 332 56 0.5
665 2 332 0 0
666 1 333 57 0.5
667 2 333 0 0
668 1 334 58 0.5
669 2 334 0 0
670 1 335 59 0.5
671 2 335 0 0
672 1 336 60 0.5
673 2 336 0 0
674 1 337 61 0.5
675 2 337 0 0
676 1 338 62 0.5
677 2 338 0 0
678 1 339 63 0.5
679 2 339 0 0
680 1 340 64 0.5
681 2 340 0 0
682 1 341 65 0.5
683 2 341 0 0
684 1 342 66 0.5
685 2 342 0 0
686 1 343 67 0.5
687 2 343 0 0
688 1 344 68 0.5
689 2 344 0 0
690 1 345 69 0.5
691 2 345 0 0
692 1 346 70 0.5
693 2 346 0 0
694 1 347 71 0.5
695 2 347 0 0
696 1 348 72 0.5
697 2 348 0 0
698 1 349 73 0.5
699 2 349 0 0
700 1 350 74 0.5
701 2 350 0 0
702 1 351 75 0.5
703 2 351 0 0
704 1 352 76 0.5
705 2 352 0 0
706 1 353 77 0.5
707 2 353 0 0
708 1 354 78 0.5
709 2 354 0 0
710 1 355 79 0.5
711 2 355 0 0
712 1 356 80 0.5
713 2 356 0 0
714 1 357 81 0.5
715 2 357 0 0
716 1 358 82 0.5
717 2 358 0 0
718 1 359 83 0.5
719 2 359 0 0
720 1 360 48 0.5
721 2 360 0 0
722 1 361 49 0.5
723 2 361 0 0
724 1 362 50 0.5
725 2 362 0 0
726 1 363 51 0.5
727 2 363 0 0
728 1 364 52 0.5
729 2 364 0 0
730 1 365 53 0.5
731 2 365 0 0
732 1 366 54 0.5
733 2 366 0 0
734 1 367 55 0.5
735 2 367 0 0
736 1 368 56 0.5
737 2 368 0 0
738 1 369 57 0.5
739 2 369 0 0
740 1 370 58 0.5
741 2 370 0 0
742 1 371 59 0.5
743 2 371 0 0
744 1 372 60 0.5
745 2 372 0 0
746 1 373 61 0.5
747 2 373 0 0
748 1 374 62 0.5
749 2 374 0 0
750 1 375 63 0.5
751 2 375 0 0
752 1 376 64 0.5
753 2 376 0 0
754 1 377 65 0.5
755 2 377 0 0
756 1 378 66 0.5
757 2 378 0 0
758 1 379 67 0.5
759 2 379 0 0
760 1 380 68 0.5
761 2 380 0 0
762 1 381 69 0.5
763 2 381 0 0
764 1 382 70 0.5
765 2 382 0 0
766 1 383 71 0.5
767 2 383 0 0
768 1 384 72 0.5
769 2 384 0 0
770 1 385 73 0.5
771 2 385 0 0
772 1 386 74 0.5
773 2 386 0 0
774 1 387 75 0.5
775 2 387 0 0
776 1 388 76 0.5
777 2 388 0 0
778 1 389 77 0.5
779 2 389 0 0
780 1 390 78 0.5
781 2 390 0 0
782 1 391 79 0.5
783 2 391 0 0
784 1 392 80 0.5
785 2 392 0 0
786 1 393 81 0.5
787 2 393 0 0
788 1 394 82 0.5
789 2 394 0 0
790 1 395 83 0.5
791 2 395 0 0
792 1 396 48 0.5
793 2 396 0 0
794 1 397 49 0.5
795 2 397 0 0
796 1 398 50 0.5
797 2 398 0 0
798 1 399 51 0.5
799 2 399 0 0
800 1 400 52 0.5
801 2 400 0 0
802 1 401 53 0.5
803 2 401 0 0
804 1 402 54 0.5
805 2 402 0 0
806 1 403 55 0.5
807 2 403 0 0
808 1 404 56 0.5
809 2 404 0 0
810 1 405 57 0.5
811 2 405 0 0
812 1 406 58 0.5
813 2 406 0 0
814 1 407 59 0.5
815 2 407 0 0
816 1 408 60 0.5
817 2 408 0 0
818 1 409 61 0.5
819 2 409 0 0
820 1 410 62 0.5
821 2 410 0 0
822 1 411 63 0.5
823 2 411 0 0
824 1 412 64 0.5
825 2 412 0 0
826 1 413 65 0.5
827 2 413 0 0
828 1 414 66 0.5
829 2 414 0 0
830 1 415 67 0.5
831 2 415 0 0
832 1 416 68 0.5
833 2 416 0 0
834 1 417 69 0.5
835 2 417 0 0
836 1 418 70 0.5
837 2 418 0 0
838 1 419 71 0.5
839 2 419 0 0
840 1 420 72 0.5
841 2 420 0 0
842 1 421 73 0.5
843 2 421 0 0
844 1 422 74 0.5
845 2 422 0 0
846 1 423 75 0.5
847 2 423 0 0
848 1 424 76 0.5
849 2 424 0 0
850 1 425 77 0.5
851 2 425 0 0
852 1 426 78 0.5
853 2 426 0 0
854 1 427 79 0.5
855 2 427 0 0
856 1 428 80 0.5
857 2 428 0 0
858 1 429 81 0.5
859 2 429 0 0
860 1 430 82 0.5
861 2 430 0 0
862 1 431 83 0.5
863 2 431 0 0
864 1 432 48 0.5
865 2 432 0 0
866 1 433 49 0.5
867 2 433 0 0
868 1 434 50 0.5
869 2 434 0 0
870 1 435 51 0.5
871 2 435 0 0
872 1 436 52 0.5
873 2 436 0 0
874 1 437 53 0.5
875 2 437 0 0
876 1 438 54 0.5
877 2 438 0 0
878 1 439 55 0.5
879 2 439 0 0
880 1 440 56 0.5
881 2 440 0 0
882 1 441 57 0.5
883 2 441 0 0
884 1 442 58 0.5
885 2 442 0 0
886 1 443 59 0.5
887 2 443 0 0
888 1 444 60 0.5
889 2 444 0 0
890 1 445 61 0.5
891 2 445 0 0
892 1 446 62 0.5
893 2 446 0 0
894 1 447 63 0.5
895 2 447 0 0
896 1 448 64 0.5
897 2 448 0 0
898 1 449 65 0.5
899 2 449 0 0
900 1 450 66 0.5
901 2 450 0 0
902 1 451 67 0.5
903 2 451 0 0
904 1 452 68 0.5
905 2 452 0 0
906 1 453 69 0.5
907 2 453 0 0
908 1 454 70 0.5
909 2 454 0 0
910 1 455 71 0.5
911 2 455 0 0
912 1 456 72 0.5
913 2 456 0 0
914 1 457 73 0.5
915 2 457 0 0
916 1 458 74 0.5
917 2 458 0 0
918 1 459 75 0.5
919 2 459 0 0
920 1 460 76 0.5
921 2 460 0 0
922 1 461 77 0.5
923 2 461 0 0
924 1 462 78 0.5
925 2 462 0 0
926 1 463 79 0.5
927 2 463 0 0
928 1 464 80 0.5
929 2 464 0 0
930 1 465 81 0.5
931 2 465 0 0
932 1 466 82 0.5
933 2 466 0 0
934 1 467 83 0.5
935 2 467 0 0
936 1 468 48 0.5
937 2 468 0 0
938 1 469 49 0.5
939 2 469 0 0
940 1 470 50 0.5
941 2 470 0 0
942 1 471 51 0.5
943 2 471 0 0
944 1 472 52 0.5
945 2 472 0 0
946 1 473 53 0.5
947 2 473 0 0
948 1 474 54 0.5
949 2 474 0 0
950 1 475 55 0.5
951 2 475 0 0
952 1 476 56 0.5
953 2 476 0 0
954 1 477 57 0.5
955 2 477 0 0
956 1 478 58 0.5
957 2 478 0 0
958 1 479 59 0.5
959 2 479 0 0
960 1 480 60 0.5
961 2 480 0 0
962 1 481 61 0.5
963 2 481 0 0
964 1 482 62 0.5
965 2 482 0 0
966 1 483 63 0.5
967 2 483 0 0
968 1 484 64 0.5
969 2 484 0 0
970 1 485 65 0.5
971 2 485 0 0
972 1 486 66 0.5
973 2 486 0 0
974 1 487 67 0.5
975 2 487 0 0
976 1 488 68 0.5
977 2 488 0 0
978 1 489 69 0.5
979 2 489 0 0
980 1 490 70 0.5
981 2 490 0 0
982 1 491 71 0.5
983 2 491 0 0
984 1 492 72 0.5
985 2 492 0 0
986 1 493 73 0.5
987 2 493 0 0
988 1 494 74 0.5
989 2 494 0 0
990 1 495 75 0.5
991 2 495 0 0
992 1 496 76 0.5
993 2 496 0 0
994 1 497 77 0.5
995 2 497 0 0
996 1 498 78 0.5
997 2 498 0 0
998 1 499 79 0.5
999 2 499 0 0
